5
1
2
3
4
6
7
8
9
10
11
12
13
14
15
16
17
18
19
20
21
22
23
24
25
26
27
28
29
30
31
32
33
34
35
36
37
38
39
40
41
42
43
44
45
46
47
48
49
50
51
52
53
54
55
56
57
58
59
60
61
62
63
64
65
66
67
68
69
70
71
72
73
74
75
76
77
78
79
80
81
82
83
84
85
86
87
88
89
90
91
92
93
94
95
96
97
98
99
100
101
102
103
104
105
106
107
108
109
110
111
112
113
114
115
116
117
118
119
120
121
122
123
124
125
126
127
128
129
130
131
132
133
134
135
136
137
138
139
140
141
142
143
144
145
146
147
148
149
150
151
152
153
154
155
156
157
158
159
160
161
162
163
164
165
166
167
168
169
170
171
172
173
174
175
176
177
178
179
180
181
182
183
184
185
186
187
188
189
190
191
192
193
194
195
196
197
198
199
200
201
202
203
204
205
206
207
208
209
210
211
212
213
214
215
216
217
218
219
220
221
222
223
224
225
226
227
228
229
230
231
232
233
234
235
236
237
238
239
240
241
242
243
244
245
246
247
248
249
250
251
252
253
254
255
256
257
258
259
260
261
262
263
264
265
266
267
268
269
270
271
272
273
274
275
276
277
278
279
280
281
282
283
284
285
286
287
288
289
290
291
292
293
294
295
296
297
298
299
300
309805
409226
52400
119894
405911
883388
580651
875913
885042
469790
315928
391298
615230
771787
222687
735585
378631
408357
168436
292483
779516
447993
194944
376044
269244
896725
998271
880882
696714
280165
567281
353885
871708
151845
755780
668152
329449
81551
259358
319187
921579
914814
672624
659967
341651
525863
182027
292318
604244
799761
426800
405264
729160
6726
105444
625631
40481
834464
700609
595466
773854
239425
22410
139619
278392
157345
366476
891649
375125
664751
90408
454943
203919
324259
867324
61985
649032
636086
970576
288334
853877
283101
182554
695196
540661
264363
726807
512629
239329
666663
648652
848282
538544
653934
294578
464148
267171
806578
84613
788812
68077
894226
413219
575161
366896
976743
967712
329898
619101
281871
81159
256226
571417
926466
706868
35754
981320
664645
93739
810284
605624
15404
554085
800183
172924
81962
390067
133949
849874
305809
397881
742987
64465
281643
715370
689152
432909
596095
95559
805848
51525
158321
76147
488704
787623
203857
175151
498316
687911
18854
93419
392476
60259
113089
888212
613298
460863
707823
752058
620774
935725
919942
107894
851121
680802
476461
390234
328390
576371
818712
945987
538171
992756
582396
617220
223745
885316
906387
308725
330577
187698
984263
601395
108374
890003
114987
170390
112046
833053
509530
757418
34015
964146
71560
551004
296834
138090
580922
609701
552017
9007199254740991
9007199254740992
9007199254740993
18014398509481986
9223372036854775807
9223372036854775808
179769313486231590772930519078902473361797697894230657273430081157732675805500963132708477322407536021120113879871393357658789768814416622492847430639474124377767893424865485276302219601246094119453082952085005768838150682342462881473913110540827237163350510684586298239947245938479716304835356329624224137216
359538626972463181545861038157804946723595395788461314546860162315465351611001926265416954644815072042240227759742786715317579537628833244985694861278948248755535786849730970552604439202492188238906165904170011537676301364684925762947826221081654474326701021369172596479894491876959432609670712659248448274432
32317006071311007300714876688669951960444102669715484032130345427524655138867890893197201411522913463688717960921898019494119559150490921095088152386448283120630877367300996091750197750389652106796057638384067568276792218642619756161838094338476170470581645852036305042887575891541065808607552399123930385521914333389668342420684974786564569494856176035326322058077805659331026192708460314150258592864177116725943603718461857357598351152301645904403697613233287231227125684710820209725157101726931323469678542580656697935045997268352998638215525166389437335543602135433229604645318478604952148193555853611059596230656
